CS162
2016-2017
2
1651059
0 0 1 0 1 1 1 1 0 1
MTH252
2016-2017
2
1651059
1 0 1 0 1 1 1 1 0 1
PH212
2016-2017
2
1651059
1 0 1 0 1 1 1 1 0 1
CS162
2016-2017
2
1651048
0 1 0 1 0 1 1 0 1 1
CS162
2016-2017
2
1651068
1 1 1 1 1 1 1 1 1 1
CS162
2016-2017
2
1651023
0 0 0 0 0 0 0 0 0 0
CS162
2016-2017
2
1651075
0 1 1 1 1 1 0 1 1 1
CS162
2016-2017
2
1651057
0 1 1 1 1 1 1 1 1 1
MTH252
2016-2017
2
1651048
1 1 1 1 1 1 1 1 1 1
MTH252
2016-2017
2
1651032
1 0 1 1 1 0 1 0 1 1
MTH252
2016-2017
2
1651068
1 0 1 1 1 1 1 1 1 1
PH212
2016-2017
2
1651048
1 1 1 0 1 0 0 1 1 1
PH212
2016-2017
2
1651057
1 1 1 1 1 1 1 1 1 1
PH212
2016-2017
2
1651041
1 0 0 0 0 0 0 0 0 0